true 3.25 5.0 2.6 3.25 0.8125 0.5750000000000001 
false 2.7 3.0 2.25 2.75 0.6875 0.6125 
true 3.4000000000000004 4.0 2.1875 3.75 0.9375 0.775 
false 3.3000000000000003 3.0 2.0 3.5 0.875 0.8999999999999999 
true 3.2 4.0 2.3125 3.25 0.8125 0.6 
true 3.25 5.0 2.6 3.25 0.8125 0.5750000000000001 
false 2.7 3.0 2.25 2.75 0.6875 0.6125 
true 3.4000000000000004 4.0 2.1875 3.75 0.9375 0.775 
false 3.3000000000000003 3.0 2.0 3.5 0.875 0.8999999999999999 
true 3.2 4.0 2.3125 3.25 0.8125 0.6 
true 3.25 5.0 2.6 3.25 0.8125 0.5750000000000001 
false 2.7 3.0 2.25 2.75 0.6875 0.6125 
true 3.4000000000000004 4.0 2.1875 3.75 0.9375 0.775 
false 3.3000000000000003 3.0 2.0 3.5 0.875 0.8999999999999999 
true 3.2 4.0 2.3125 3.25 0.8125 0.6 
true 3.25 5.0 2.6 3.25 0.8125 0.5750000000000001 
false 2.7 3.0 2.25 2.75 0.6875 0.6125 
true 3.4000000000000004 4.0 2.1875 3.75 0.9375 0.775 
false 3.3000000000000003 3.0 2.0 3.5 0.875 0.8999999999999999 
true 3.2 4.0 2.3125 3.25 0.8125 0.6 
true 3.25 5.0 2.6 3.25 0.8125 0.5750000000000001 
false 2.7 3.0 2.25 2.75 0.6875 0.6125 
true 3.4000000000000004 4.0 2.1875 3.75 0.9375 0.775 
false 3.3000000000000003 3.0 2.0 3.5 0.875 0.8999999999999999 
true 3.2 4.0 2.3125 3.25 0.8125 0.6 
true 3.25 5.0 2.6 3.25 0.8125 0.5750000000000001 
false 2.7 3.0 2.25 2.75 0.6875 0.6125 
true 3.4000000000000004 4.0 2.1875 3.75 0.9375 0.775 
false 3.3000000000000003 3.0 2.0 3.5 0.875 0.8999999999999999 
true 3.2 4.0 2.3125 3.25 0.8125 0.6 
true 3.25 5.0 2.6 3.25 0.8125 0.5750000000000001 
false 2.7 3.0 2.25 2.75 0.6875 0.6125 
true 3.4000000000000004 4.0 2.1875 3.75 0.9375 0.775 
false 3.3000000000000003 3.0 2.0 3.5 0.875 0.8999999999999999 
true 3.2 4.0 2.3125 3.25 0.8125 0.6 
true 3.25 5.0 2.6 3.25 0.8125 0.5750000000000001 
false 2.7 3.0 2.25 2.75 0.6875 0.6125 
true 3.4000000000000004 4.0 2.1875 3.75 0.9375 0.775 
false 3.3000000000000003 3.0 2.0 3.5 0.875 0.8999999999999999 
true 3.2 4.0 2.3125 3.25 0.8125 0.6 
true 3.25 5.0 2.6 3.25 0.8125 0.5750000000000001 
false 2.7 3.0 2.25 2.75 0.6875 0.6125 
true 3.4000000000000004 4.0 2.1875 3.75 0.9375 0.775 
false 3.3000000000000003 3.0 2.0 3.5 0.875 0.8999999999999999 
true 3.2 4.0 2.3125 3.25 0.8125 0.6 
true 3.25 5.0 2.6 3.25 0.8125 0.5750000000000001 
false 2.7 3.0 2.25 2.75 0.6875 0.6125 
true 3.4000000000000004 4.0 2.1875 3.75 0.9375 0.775 
false 3.3000000000000003 3.0 2.0 3.5 0.875 0.8999999999999999 
true 3.2 4.0 2.3125 3.25 0.8125 0.6 
true 3.25 5.0 2.6 3.25 0.8125 0.5750000000000001 
false 2.7 3.0 2.25 2.75 0.6875 0.6125 
true 3.4000000000000004 4.0 2.1875 3.75 0.9375 0.775 
false 3.3000000000000003 3.0 2.0 3.5 0.875 0.8999999999999999 
true 3.2 4.0 2.3125 3.25 0.8125 0.6 
true 3.25 5.0 2.6 3.25 0.8125 0.5750000000000001 
false 2.7 3.0 2.25 2.75 0.6875 0.6125 
true 3.4000000000000004 4.0 2.1875 3.75 0.9375 0.775 
false 3.3000000000000003 3.0 2.0 3.5 0.875 0.8999999999999999 
true 3.2 4.0 2.3125 3.25 0.8125 0.6 
true 3.25 5.0 2.6 3.25 0.8125 0.5750000000000001 
false 2.7 3.0 2.25 2.75 0.6875 0.6125 
true 3.4000000000000004 4.0 2.1875 3.75 0.9375 0.775 
false 3.3000000000000003 3.0 2.0 3.5 0.875 0.8999999999999999 
true 3.2 4.0 2.3125 3.25 0.8125 0.6 
true 3.25 5.0 2.6 3.25 0.8125 0.5750000000000001 
false 2.7 3.0 2.25 2.75 0.6875 0.6125 
true 3.4000000000000004 4.0 2.1875 3.75 0.9375 0.775 
false 3.3000000000000003 3.0 2.0 3.5 0.875 0.8999999999999999 
true 3.2 4.0 2.3125 3.25 0.8125 0.6 
true 2.75 4.0 1.875 3.0 1.0 0.925 
false 2.8499999999999996 4.0 1.9375 2.5 1.5 0.8999999999999999 
true 3.0 5.0 1.85 3.5 0.75 0.925 
false 3.5999999999999996 4.0 1.375 2.25 0.5 1.2 
false 3.0 4.0 1.5625 2.75 0.75 0.925 
false 3.4499999999999997 4.0 1.9375 3.0 0.5 1.075 
true 2.9 4.0 1.875 3.25 1.0 0.95 
true 3.35 4.0 2.0625 3.25 0.5 1.125 
true 3.5999999999999996 4.0 2.625 3.5 1.75 1.3 
false 3.9000000000000004 5.0 1.75 2.75 0.75 1.3250000000000002 
false 3.35 4.0 2.125 3.25 1.25 1.125 
true 2.9 4.0 2.3125 3.25 1.0 0.8250000000000001 
true 3.55 5.0 2.1 3.75 1.25 1.1500000000000001 
true 3.05 4.0 2.25 4.0 1.0 0.9125 
false 3.2 4.0 2.0 3.25 0.5 0.95 
false 3.35 5.0 1.7999999999999998 3.0 0.5 1.075 
true 2.8499999999999996 4.0 2.3125 2.75 1.5 0.8250000000000001 
true 2.6500000000000004 4.0 2.1875 3.0 1.5 0.8250000000000001 
false 2.15 4.0 1.125 2.25 0.25 0.6 
false 3.5999999999999996 4.0 2.125 3.25 1.0 1.075 
false 3.2 5.0 1.7999999999999998 3.5 0.25 0.9375 
true 2.4 4.0 2.1875 3.25 1.0 0.7000000000000001 
true 2.9 4.0 2.125 2.5 1.75 0.8624999999999999 
true 3.2 4.0 2.5625 3.0 2.25 0.925 
true 3.5999999999999996 4.0 2.5 3.75 1.75 1.3 
true 3.4000000000000004 3.0 2.25 2.5 2.0 1.05 
true 2.7 4.0 2.8125 4.25 2.25 0.875 
false 3.0 4.0 1.8125 2.75 1.0 0.8624999999999999 
false 2.7 3.0 2.5 2.75 2.25 0.875 
true 2.8000000000000003 4.0 1.875 2.25 1.25 0.875 
true 0.95 1.0 3.5 3.5 3.5 0.25 
false 2.8499999999999996 5.0 1.55 2.25 1.25 0.8999999999999999 
false 3.1 3.0 1.75 2.0 1.5 0.95 
false 0.65 1.0 3.5 3.5 3.5 0.125 
true 3.2 4.0 2.125 3.75 0.75 1.0 
true 3.35 4.0 2.125 2.5 1.5 1.075 
true 2.9 4.0 2.375 3.25 1.75 0.925 
true 2.2 3.0 3.0 3.25 2.75 0.7000000000000001 
true 3.1 3.0 2.75 3.5 2.0 0.95 
true 2.3499999999999996 2.0 2.25 2.5 2.0 0.775 
false 0.8500000000000001 1.0 2.25 2.25 2.25 0.22499999999999998 
false 2.6500000000000004 4.0 1.5625 2.5 1.0 0.775 
false 1.0 1.0 2.25 2.25 2.25 0.275 
false 2.1 2.0 2.75 3.0 2.5 0.625 
true 2.45 3.0 2.5 3.5 2.0 0.75 
true 3.25 4.0 2.1875 3.75 1.25 1.0 
true 3.5999999999999996 5.0 2.2 3.5 1.0 1.2 
true 3.5 3.0 1.5833333333333333 1.75 1.25 1.1500000000000001 
false 3.05 4.0 1.0 1.25 0.75 0.95 
true 2.15 2.0 3.375 3.5 3.25 0.625 
false 2.25 4.0 2.625 3.25 2.25 0.6 
true 3.2 3.0 1.666666666666667 2.25 1.25 1.0 
true 3.05 3.0 1.4166666666666665 1.75 1.0 1.05 
false 2.7 3.0 2.3333333333333335 2.75 2.0 0.8500000000000001 
true 2.55 3.0 1.5833333333333333 2.0 1.25 0.775 
true 3.4499999999999997 3.0 2.916666666666666 3.75 2.5 1.225 
false 1.85 2.0 0.875 1.5 0.25 0.525 
false 2.9 4.0 1.8125 3.25 0.75 0.8999999999999999 
false 1.5 2.0 1.125 1.5 0.75 0.44999999999999996 
false 2.45 3.0 1.0833333333333333 2.0 0.5 0.725 
false 2.5 4.0 1.75 3.0 0.5 0.8 
false 2.7 3.0 1.1666666666666667 1.75 0.75 0.775 
false 2.7 3.0 1.1666666666666667 1.5 0.75 0.9125 
false 3.65 4.0 0.9375 1.25 0.75 1.1500000000000001 
false 3.0 3.0 1.5 1.75 1.0 1.025 
false 3.05 4.0 2.0625 4.0 0.75 0.9750000000000001 
false 2.75 4.0 2.4375 3.0 1.0 0.8999999999999999 
false 3.35 5.0 1.7999999999999998 3.0 1.0 1.125 
true 3.75 4.0 2.3125 3.0 1.5 1.3250000000000002 
true 2.6 3.0 1.5833333333333333 1.75 1.5 0.8250000000000001 
true 2.45 4.0 2.0625 3.0 1.25 0.775 
true 2.6 3.0 1.75 2.5 1.25 0.875 
true 1.85 3.0 3.5833333333333335 4.0 3.0 0.5 
true 2.9499999999999997 3.0 2.0 2.25 1.75 0.9750000000000001 
false 2.45 2.0 1.625 2.0 1.25 0.775 
true 3.9000000000000004 4.0 1.4375 2.0 1.0 1.3250000000000002 
true 2.25 3.0 2.25 2.75 1.75 0.7000000000000001 
false 3.35 3.0 1.9166666666666667 2.5 1.5 1.1749999999999998 
true 1.45 1.0 3.5 3.5 3.5 0.42500000000000004 
false 2.8000000000000003 2.0 2.0 2.5 1.5 0.925 
false 2.6 3.0 2.4166666666666665 2.75 2.0 0.775 
false 1.1 1.0 3.25 3.25 3.25 0.3 
true 1.9500000000000002 2.0 2.875 3.25 2.5 0.6 
true 2.3499999999999996 3.0 1.8333333333333333 2.25 1.5 0.7000000000000001 
true 3.55 4.0 1.625 2.0 1.0 1.3250000000000002 
false 2.2 3.0 1.9166666666666667 2.25 1.5 0.7000000000000001 
false 3.5999999999999996 2.0 2.25 2.25 2.25 1.1500000000000001 
