true 53.0 3.0 7.333333333333333 9.0 4.0 37.0 3.0 
false 55.0 4.0 5.75 8.0 4.0 42.0 2.0 
true 36.0 2.0 9.0 11.0 7.0 14.0 2.0 
true 53.0 4.0 7.5 10.0 5.0 45.0 1.0 
true 57.0 3.0 10.333333333333334 13.0 6.0 39.0 5.0 
false 24.0 1.0 2.0 2.0 2.0 10.0 2.0 
false 30.0 1.0 4.0 4.0 4.0 18.0 0.0 
true 12.0 1.0 10.0 10.0 10.0 1.0 3.0 
false 56.0 4.0 6.25 9.0 3.0 43.0 5.0 
true 59.0 3.0 7.666666666666667 9.0 6.0 43.0 1.0 
false 65.0 3.0 5.0 7.0 4.0 42.0 2.0 
false 26.0 2.0 4.5 5.0 4.0 10.0 2.0 
true 40.0 3.0 8.666666666666666 11.0 7.0 31.0 1.0 
false 57.0 4.0 4.25 5.0 3.0 42.0 4.0 
false 43.0 3.0 5.666666666666667 7.0 4.0 21.0 3.0 
true 52.0 3.0 10.333333333333334 11.0 9.0 36.0 2.0 
false 39.0 3.0 5.0 7.0 4.0 29.0 3.0 
true 45.0 3.0 7.333333333333333 9.0 4.0 35.0 1.0 
false 54.0 4.0 5.0 7.0 2.0 33.0 3.0 
true 43.0 2.0 8.0 10.0 6.0 34.0 2.0 
true 43.0 2.0 7.5 12.0 3.0 30.0 2.0 
false 50.0 4.0 4.75 7.0 3.0 31.0 3.0 
true 48.0 2.0 6.5 7.0 6.0 37.0 3.0 
true 51.0 3.0 5.333333333333333 10.0 2.0 40.0 2.0 
true 46.0 2.0 6.5 7.0 6.0 33.0 5.0 
false 55.0 5.0 6.2 10.0 1.0 28.0 4.0 
false 47.0 4.0 5.5 10.0 2.0 30.0 2.0 
false 46.0 3.0 6.333333333333333 8.0 5.0 34.0 4.0 
false 39.0 2.0 5.5 8.0 3.0 30.0 4.0 
true 48.0 3.0 8.333333333333334 11.0 5.0 32.0 0.0 
true 50.0 3.0 8.333333333333334 11.0 4.0 34.0 4.0 
false 53.0 3.0 5.333333333333333 7.0 3.0 35.0 1.0 
false 40.0 2.0 7.5 13.0 2.0 33.0 3.0 
true 37.0 2.0 5.5 6.0 5.0 35.0 1.0 
true 52.0 4.0 8.25 11.0 5.0 38.0 4.0 
true 42.0 2.0 11.0 17.0 5.0 25.0 3.0 
false 47.0 3.0 6.0 9.0 2.0 44.0 2.0 
true 49.0 2.0 8.0 9.0 7.0 37.0 3.0 
true 44.0 3.0 14.0 17.0 10.0 34.0 2.0 
false 47.0 3.0 4.333333333333333 6.0 3.0 34.0 2.0 
true 52.0 3.0 9.666666666666666 12.0 5.0 38.0 4.0 
false 42.0 2.0 7.5 11.0 4.0 31.0 3.0 
true 33.0 2.0 13.0 15.0 11.0 26.0 4.0 
true 49.0 3.0 6.0 9.0 3.0 36.0 2.0 
true 59.0 3.0 8.0 11.0 6.0 35.0 3.0 
true 49.0 3.0 9.0 14.0 6.0 31.0 3.0 
true 59.0 3.0 9.333333333333334 12.0 6.0 32.0 4.0 
false 44.0 2.0 6.0 9.0 3.0 35.0 1.0 
true 42.0 3.0 9.0 10.0 8.0 23.0 3.0 
true 34.0 2.0 9.5 13.0 6.0 15.0 5.0 
true 53.0 3.0 7.333333333333333 12.0 4.0 31.0 3.0 
true 39.0 2.0 10.0 10.0 10.0 26.0 4.0 
true 37.0 2.0 6.5 9.0 4.0 17.0 3.0 
false 39.0 3.0 5.333333333333333 8.0 4.0 17.0 1.0 
true 66.0 4.0 9.75 13.0 7.0 44.0 4.0 
true 44.0 3.0 9.666666666666666 14.0 7.0 33.0 1.0 
true 25.0 1.0 13.0 13.0 13.0 13.0 1.0 
true 71.0 3.0 11.333333333333334 15.0 7.0 62.0 2.0 
false 32.0 2.0 8.5 12.0 5.0 11.0 1.0 
true 26.0 1.0 10.0 10.0 10.0 8.0 2.0 
true 33.0 2.0 9.5 13.0 6.0 20.0 4.0 
true 21.0 1.0 10.0 10.0 10.0 8.0 2.0 
true 67.0 4.0 7.5 10.0 5.0 38.0 2.0 
true 13.0 1.0 6.0 6.0 6.0 5.0 3.0 
false 62.0 4.0 7.0 11.0 2.0 54.0 2.0 
true 25.0 2.0 9.5 11.0 8.0 19.0 1.0 
true 49.0 3.0 7.666666666666667 9.0 7.0 31.0 3.0 
